3

5
3 5 2 5 9

12
6 62 70 10 28 73 10 100 67 62 60 47

250
623068313 937236374 16247074 614290884 629355338 614242689 110577940 209641728 230639345 184364755 376011363 778896829 973138557 334016525 776523198 217842006 582925485 469308748 675074176 114740718 502607034 310264411 439832745 749117688 124472742 303585966 201956275 817558841 544002358 407880324 193832057 700402886 792397646 300604373 714575935 292244540 941011784 850813511 946054252 138296379 736124699 175009050 893242532 150679329 904732765 70927150 62065027 639374487 463573827 24569695 531508378 985805083 518720464 610581414 806416815 224671273 800674101 755304842 435323043 915595125 807804697 245076754 295918750 646552570 228166457 857894900 696487835 159827258 412329801 689510900 879179258 904287162 897988491 264603858 257956355 201149613 173346835 951452647 709656454 512123010 885985408 402852482 963986413 503665251 992652379 481675670 926984854 920167294 913090069 847175135 1451688 494532608 426487083 906503677 271436164 419093273 674970708 431514041 547475231 630019896 421512222 509190659 346526202 510943761 769924458 970519076 709567127 30367881 857388056 659007862 176622435 878547860 926929670 514835916 185456433 147831601 545497991 691777827 73657140 808197021 94623715 70757653 681183975 758730367 191562607 509265457 729818661 183557016 274582195 456734494 479925534 786386595 600675362 401594452 738691726 324554063 509395831 179026888 473283237 690822443 215821698 727057858 422678039 104736371 563159562 71723902 367655419 228338421 699194610 825916716 447102310 978399714 597745761 694004155 632061402 36337835 298111471 379201862 647748281 834334125 306374466 714565269 15845030 532812276 899240345 429418090 639888 935737383 721162349 81903181 300809967 783454091 728559332 267932980 809764841 108217637 214878184 311002151 179262933 921633721 891610902 638476195 740567407 884200458 836221377 973147867 88253754 53301859 968944659 978635529 935928109 100529703 111212386 263317238 104143110 673107317 518744186 352886757 581904425 209235392 628489174 971638564 317617513 334704826 225773641 343083865 765338658 703822155 141714317 479147793 977527965 8255324 616395921 744911394 358766197 703405062 12401995 790754456 831782577 414013663 699447893 243456099 885730757 942416856 837818929 438597118 80977725 538458022 436870425 91662891 531214143 214516668 868528507 358392475 740404856 922998413 785963759 905388156 430382642 845167399 57106762 702290419 702931024 204091433 216687221 961095721 484718798 993842111 761961085 679938540
