7

7 3
2 0 0 0 1 1 0
0 0 1 0 1 2 0
0 1 1 0 1 0 0
0 1 0 0 0 0 0
0 0 0 2 0 1 1
0 1 0 0 0 0 0
2 1 0 0 0 0 2

7 3
2 0 2 0 1 1 0
0 0 1 0 1 2 0
0 1 1 2 1 0 0
2 1 0 0 0 0 2
0 0 0 2 0 1 1
0 1 0 0 0 0 0
2 1 0 0 2 0 2

7 4
2 0 2 0 1 1 0
0 0 1 0 1 2 0
0 1 1 2 1 0 0
2 1 0 0 0 0 2
0 0 0 2 0 1 1
0 1 0 0 0 0 0
2 1 0 0 2 0 2

7 5
2 0 2 0 1 1 0
0 0 1 0 1 2 0
0 1 1 2 1 0 0
2 1 0 0 0 0 2
0 0 0 2 0 1 1
0 1 0 0 0 0 0
2 1 0 0 2 0 2

7 3
2 0 2 0 1 1 0
0 0 1 0 1 0 0
0 1 1 1 1 0 0
2 1 0 0 0 0 2
1 0 0 0 0 1 1
0 1 0 0 0 0 0
2 1 0 0 2 0 2

7 2
2 0 2 0 1 1 0
0 0 1 0 1 0 0
0 1 1 1 1 0 0
2 1 0 0 0 0 2
1 0 0 0 0 1 1
0 1 0 0 0 0 0
2 1 0 0 2 0 2

5 1
2 2 2 1 1
2 1 1 1 1
2 1 1 1 1
2 1 1 1 1
2 2 2 1 1
