12

7 8 1
0 0 0 0 0 0 0 0
0 0 0 0 4 0 0 0
0 0 0 0 0 0 0 0
0 0 5 5 0 0 0 0
0 0 0 0 0 5 0 0
0 0 0 0 0 0 0 0
0 0 0 0 3 0 0 0
3
4 4 1
5 4 0
5 6 0

7 8 5
0 0 0 0 0 0 0 0
0 0 0 0 4 0 0 0
0 0 0 0 0 0 0 0
0 0 5 5 0 0 0 0
0 0 0 0 0 5 0 0
0 0 0 0 0 0 0 0
0 0 0 0 3 0 0 0
3
4 4 1
5 4 0
5 6 0

7 8 7
0 0 0 0 0 0 0 0
0 0 0 0 4 0 0 0
0 0 0 0 0 0 0 0
0 0 5 5 0 0 0 0
0 0 0 0 0 5 0 0
0 0 0 0 0 0 0 0
0 0 0 0 3 0 0 0
3
4 4 1
5 4 0
5 6 0

7 8 70
0 0 0 0 0 0 0 0
0 0 0 0 4 0 0 0
0 0 0 0 0 0 0 0
0 0 5 5 0 0 0 0
0 0 0 0 0 5 0 0
0 0 0 0 0 0 0 0
0 0 0 0 3 0 0 0
3
4 4 1
5 4 0
5 6 0

7 8 1000
0 0 0 0 0 0 0 0
0 0 0 0 4 0 0 0
0 0 0 0 0 0 0 0
0 0 5 5 0 0 0 0
0 0 0 0 0 5 0 0
0 0 0 0 0 0 0 0
0 0 0 0 3 0 0 0
3
4 4 1
5 4 0
5 6 0

7 8 100
0 0 0 0 0 0 0 0
5 0 0 0 4 0 0 0
0 0 0 0 0 0 0 0
0 0 5 5 0 0 0 0
0 0 0 0 0 5 0 0
5 0 0 0 0 0 5 0
0 0 0 0 3 0 0 0
0

7 8 100
0 0 0 0 0 0 5 0
5 4 4 4 4 4 4 0
0 0 0 0 0 0 0 0
0 0 5 5 0 0 0 0
0 0 0 0 0 5 0 0
5 0 0 0 0 0 5 0
0 0 0 0 3 0 0 0
3
4 4 1
5 4 0
5 6 0

7 8 1000
0 0 0 0 0 0 5 0
5 4 4 4 4 4 4 0
0 0 0 0 0 0 0 0
0 0 5 5 0 0 0 0
0 0 0 0 0 5 0 0
5 0 0 0 0 0 5 0
0 0 0 0 3 0 0 0
3
4 4 1
5 4 0
5 6 0

7 8 1000
0 0 0 0 0 0 0 0
4 4 4 4 4 4 4 4
0 0 0 0 0 5 0 0
0 0 5 5 0 0 5 0
0 0 0 0 0 5 0 0
5 0 0 0 0 0 5 0
3 3 3 3 3 3 3 3
3
4 4 1
5 4 0
5 6 0

5 8 13
0 0 0 0 0 0 0 0
4 4 4 4 4 4 4 4
0 0 0 0 0 0 0 0
0 0 0 0 0 5 0 0
3 3 3 3 3 3 3 3
3
3 6 1
3 6 0
4 4 1

5 8 10
0 0 0 0 0 0 0 0
4 4 4 4 4 4 4 4
0 0 0 0 0 5 0 0
5 0 0 0 0 0 5 0
3 3 3 3 3 3 3 3
3
4 4 1
5 4 0
5 6 0

7 8 100
0 0 0 0 0 0 0 0
0 0 2 0 4 0 0 0
0 0 0 0 0 0 0 0
0 0 5 5 0 0 0 0
0 0 0 0 0 5 1 0
0 1 0 0 0 0 0 0
0 0 0 0 3 0 0 0
9
3 1 0
1 2 0
3 2 1
6 1 1
2 5 1
4 5 1
4 3 1
5 5 0
3 2 0
