58

16375 1

132 3

432 1

90 4

5 2

436659 2

436659 7

4332 1 

100 1

111 4

1 1

1 10

10 1

10 2

12 2

100 1

100 5

1000000 10

210 1

1220 2

135745 5

135745 6

135745 7

404 1

404 2

4040 1

4040 2

4044 1

4044 2

8404 1

8404 2

3404 1

3404 2

3404 3

199 1

8799 2

123444 3

213444 3

321444 3

123444 4

123455 1

123455 2

123455 3

123455 4

123455 5

123455 6

789432 10

421888 3

999299 1

999299 2

929292 1

929292 2

929292 3

123456 1

123456 2

123456 3

123456 4

123456 5
