9

3 7
3942178
1234567
9123532

1 10
2H3HH4HHH5

4 4
3994
9999
9999
2924

4 6
123456
234567
345678
456789

1 1
9

3 7
2H9HH11
HHHHH11
9HHHH11

50 50
12345612345612345612345612345698765432198765432134
12345612345612345612345612345698765432198765432134
12345612345612345612345612345698765432198765432134
12345612345612345612345612345698765432198765432134
12345612345612345612345612345698765432198765432134
12345612345612345612345612345698765432198765432134
12345612345612345612345612345698765432198765432134
12345612345612345612345612345698765432198765432134
12345612345612345612345612345698765432198765432134
12345612345612345612345612345698765432198765432134
12345612345612345612345612345698765432198765432134
12345612345612345612345612345698765432198765432134
12345612345612345612345612345698765432198765432134
12345612345612345612345612345698765432198765432134
12345612345612345612345612345698765432198765432134
12345612345612345612345612345698765432198765432134
12345612345612345612345612345698765432198765432134
12345612345612345612345612345698765432198765432134
12345612345612345612345612345698765432198765432134
12345612345612345612345612345698765432198765432134
12345612345612345612345612345698765432198765432134
12345612345612345612345612345698765432198765432134
12345612345612345612345612345698765432198765432134
12345612345612345612345612345698765432198765432134
12345612345612345612345612345698765432198765432134
12345612345612345612345612345698765432198765432134
12345612345612345612345612H45698765432198765432134
12345612345612345H12345612345698765432198765432134
12345612345612345612345612345698765432198765432134
12345612345612345H12345612345698765432198765432134
12345612345612345612345612345698765432198765432134
12345612345612345612345612345698765432198765432134
123456H2345612345H12345612345698765432198765432134
123456H23456123H561234561234H6987654H2198765432134
123456123456123456H23456123456987654H2198765432134
12345612345612H45612345612345698765432198765432134
123456123456123456123H561234569H765432198765432134
12345612345612345612345612345698765432198765432134
123456123456123456123456123456HH765432198765432134
12345612H45612345612345612345698765432198765432134
12345612345612345612345612345698765432198765432134
12345612345612345612345612345698765432198765432134
123456123H5612345612345612345698765432198765432134
12345612345612H45612345612345698765432198765432134
12345612345612345612345612345698765432198765432134
12345612345612345612345612345698765432198765432134
12345612345612H45612345612345698765432198765432134
12345612345612345612345612345698765432198765432134
12345612345H12345612345612345698765432198765432134
12345612345612345612345612345698765432198765432134

50 50
12345612345612345612345612345612345612345612345612
23456123456123456123456123456123456123456123456123
34561234561234561234561234561234561234561234561234
45612345612345612345612345612345612345612345612345
56123456123456123456123456123456123456123456123456
61234561234561234561234561234561234561234561234561
12345612345612345612345612345612345612345612345612
23456123456123456123456123456123456123456123456123
34561234561234561234561234561234561234561234561234
45612345612345612345612345612345612345612345612345
56123456123456123456123456123456123456123456123456
61234561234561234561234561234561234561234561234561
12345612345612345612345612345612345612345612345612
23456123456123456123456123456123456123456123456123
34561234561234561234561234561234561234561234561234
45612345612345612345612345612345612345612345612345
56123456123456123456123456123456123456123456123456
61234561234561234561234561234561234561234561234561
12345612345612345612345612345612345612345612345612
23456123456123456123456123456123456123456123456123
34561234561234561234561234561234561234561234561234
45612345612345612345612345612345612345612345612345
56123456123456123456123456123456123456123456123456
61234561234561234561234561234561234561234561234561
12345612345612345612345612345612345612345612345612
23456123456123456123456123456123456123456123456123
34561234561234561234561234561234561234561234561234
45612345612345612345612345612345612345612345612345
56123456123456123456123456123456123456123456123456
61234561234561234561234561234561234561234561234561
12345612345612345612345612345612345612345612345612
23456123456123456123456123456123456123456123456123
34561234561234561234561234561234561234561234561234
45612345612345612345612345612345612345612345612345
56123456123456123456123456123456123456123456123456
61234561234561234561234561234561234561234561234561
12345612345612345612345612345612345612345612345612
23456123456123456123456123456123456123456123456123
34561234561234561234561234561234561234561234561234
45612345612345612345612345612345612345612345612345
56123456123456123456123456123456123456123456123456
61234561234561234561234561234561234561234561234561
12345612345612345612345612345612345612345612345612
23456123456123456123456123456123456123456123456123
34561234561234561234561234561234561234561234561234
45612345612345612345612345612345612345612345612345
56123456123456123456123456123456123456123456123456
61234561234561234561234561234561234561234561234561
12345612345612345612345612345612345612345612345612
23456123456123456123456123456123456123456123456123

45 20
123456789123456781234567123456123451234123121
23456789123456781234567123456123451234123121H
3456789123456781234567123456123451234123121HH
456789123456781234567123456123451234123121HHH
56789123456781234567123456123451234123121HHHH
6789123456781234567123456123451234123121HHHHH
789123456781234567123456123451234123121HHHHHH
89123456781234567123456123451234123121HHHHHHH
9123456781234567123456123451234123121HHHHHHHH
123456781234567123456123451234123121HHHHHHHHH
23456781234567123456123451234123121HHHHHHHHHH
3456781234567123456123451234123121HHHHHHHHHHH
456781234567123456123451234123121HHHHHHHHHHHH
56781234567123456123451234123121HHHHHHHHHHHHH
6781234567123456123451234123121HHHHHHHHHHHHHH
781234567123456123451234123121HHHHHHHHHHHHHHH
81234567123456123451234123121HHHHHHHHHHHHHHHH
1234567123456123451234123121HHHHHHHHHHHHHHHHH
234567123456123451234123121HHHHHHHHHHHHHHHHHH
34567123456123451234123121HHHHHHHHHHHHHHHHHHH
